Si64B24Na20Al18O201 Density=2.23
 Wavelength (nm), Delta, Beta
  0.100000001  2.99816793E-06  1.42818388E-08
  0.104712859  3.28887677E-06  1.71535373E-08
  0.109647825  3.60787703E-06  2.0603375E-08
  0.114815369  3.95792267E-06  2.47467096E-08
  0.120226443  4.34204003E-06  2.97216456E-08
  0.12589255  4.76357627E-06  3.56931551E-08
  0.131825671  5.22617847E-06  4.2858634E-08
  0.138038442  5.73388706E-06  5.14559417E-08
  0.14454399  6.29108399E-06  6.17676577E-08
  0.151356131  6.90264051E-06  7.41324158E-08
  0.158489332  7.57385942E-06  8.89526035E-08
  0.165958688  8.31056968E-06  1.06712356E-07
  0.173780084  9.11920233E-06  1.2798759E-07
  0.18197009  1.000676E-05  1.53464569E-07
  0.19054608  1.09809453E-05  1.83963365E-07
  0.199526235  1.20502445E-05  2.20461203E-07
  0.208929613  1.32238574E-05  2.64118825E-07
  0.218776181  1.45119793E-05  3.16311969E-07
  0.229086787  1.59256524E-05  3.78697905E-07
  0.239883304  1.74770503E-05  4.53217638E-07
  0.251188666  1.91794024E-05  5.42211751E-07
  0.263026804  2.1047148E-05  6.48408786E-07
  0.275422901  2.30960923E-05  7.75100659E-07
  0.288403153  2.53432572E-05  9.26134703E-07
  0.301995188  2.78073439E-05  1.10608323E-06
  0.316227764  3.05083267E-05  1.3203678E-06
  0.33113113  3.34678662E-05  1.57513875E-06
  0.346736878  3.67094435E-05  1.87784713E-06
  0.363078088  4.0258099E-05  2.23715983E-06
  0.380189419  4.4140419E-05  2.66338702E-06
  0.398107201  4.83843942E-05  3.16853038E-06
  0.416869402  5.301899E-05  3.76664639E-06
  0.436515868  5.80745036E-05  4.47428238E-06
  0.457088232  6.35803081E-05  5.31039223E-06
  0.478630126  6.95647541E-05  6.29723581E-06
  0.501187265  7.60520707E-05  7.46071646E-06
  0.524807513  8.30587305E-05  8.83068242E-06
  0.549540937  9.05840425E-05  1.04410592E-05
  0.57543999  9.85912484E-05  1.23313284E-05
  0.602559626  0.000106961874  1.45434242E-05
  0.630957365  0.00011534489  1.71144329E-05
  0.660693526  0.000121728655  2.01350213E-05
  0.691831052  0.00013334371  1.20464956E-05
  0.724435985  0.000149300104  1.42766812E-05
  0.758577645  0.000164394558  1.68846746E-05
  0.794328332  0.000173261142  1.9970008E-05
  0.831763864  0.000198965819  1.87330388E-05
  0.870963693  0.000219595546  2.21982737E-05
  0.912010849  0.000241611939  2.62971753E-05
  0.954992712  0.000265339651  3.115242E-05
  1.00000012  0.000290898548  3.68874389E-05
  1.04712868  0.0003183136  4.36424052E-05
  1.09647834  0.000347207766  5.16291802E-05
  1.14815366  0.00037050317  6.11028518E-05
  1.20226455  0.000414586131  5.97292601E-05
  1.25892556  0.00045679789  7.07932995E-05
  1.31825686  0.000501125643  8.39314162E-05
  1.38038433  0.000548338983  9.90657572E-05
  1.44543993  0.000599392399  0.000116579657
  1.51356137  0.000654244737  0.000137715513
  1.58489335  0.000712060661  0.000162761557
  1.65958714  0.000772803673  0.00019157886
  1.73780096  0.000836236286  0.000225287353
  1.81970108  0.000901520427  0.000263385824
  1.90546095  0.000967664528  0.000310665637
  1.9952625  0.00102616823  0.000365689804
  2.08929634  0.00107031909  0.00042881738
  2.18776202  0.00106820674  0.000502774783
  2.29086781  0.000533340848  0.000160486044
  2.39883304  0.00124620122  0.000188863327
  2.51188684  0.00145203248  0.000222210161
  2.63026834  0.00164167595  0.000261371897
  2.75422907  0.00183436356  0.00030688796
  2.88403201  0.00203726138  0.000359677535
  3.01995206  0.00225397362  0.000421207835
  3.16227794  0.00248657796  0.000493212545
  3.31131172  0.00273649232  0.000577180705
  3.46736908  0.00300395652  0.000672678056
  3.63078094  0.0032949876  0.000781564799
  3.80189443  0.00361010968  0.000907973095
  3.98107219  0.00395021588  0.00105492037
  4.1686945  0.00431521144  0.00122541143
  4.36515903  0.00470683351  0.00142054074
  4.57088232  0.00512540154  0.00164607284
  4.78630161  0.00556958281  0.00190196047
  5.01187277  0.00604254473  0.00219326792
  5.24807549  0.0065491288  0.00252211699
  5.49540949  0.00708081527  0.00290770573
  5.75440025  0.00762118259  0.0033415074
  6.02559662  0.00818368513  0.00382629642
  6.30957413  0.00873551983  0.00439054845
  6.60693502  0.0088343313  0.00462529063
  6.91831064  0.0100413673  0.00527529186
  7.24436045  0.0107812984  0.00632073684
  7.58577681  0.01105964  0.00698777149
  7.94328403  0.0117873065  0.00742413569
  8.31763935  0.0124918614  0.0083092805
  8.70963764  0.0132832946  0.00901078898
  9.12010956  0.0143165644  0.0100922352
  9.54992771  0.0145219471  0.0113526285
  10.0000019  0.0150433592  0.0122433221

